1.0,8.200000000000001
1.136546184738956,8.200000000000001
1.2730923694779117,8.6
1.4096385542168675,8.4
1.5461847389558234,8.200000000000001
1.6827309236947792,8.4
1.819277108433735,8.200000000000001
1.9558232931726907,8.200000000000001
2.092369477911647,8.200000000000001
2.2289156626506026,8.0
2.3654618473895583,8.0
2.502008032128514,8.200000000000001
2.63855421686747,8.0
2.775100401606426,8.200000000000001
2.9116465863453813,8.0
3.0481927710843375,7.6000000000000005
3.1847389558232932,7.800000000000001
3.321285140562249,7.6000000000000005
3.457831325301205,7.800000000000001
3.594377510040161,7.6000000000000005
3.7309236947791167,7.6000000000000005
3.8674698795180724,8.0
4.004016064257027,7.2
4.140562248995984,7.4
4.2771084337349405,7.2
4.413654618473895,7.2
4.550200803212851,7.0
4.686746987951808,7.0
4.823293172690763,7.0
4.959839357429719,7.0
5.096385542168675,7.2
5.232931726907631,7.2
5.3694779116465865,7.0
5.506024096385542,6.800000000000001
5.642570281124498,6.6000000000000005
5.779116465863454,6.6000000000000005
5.91566265060241,6.6000000000000005
6.052208835341365,6.6000000000000005
6.188755020080322,6.4
6.325301204819278,6.6000000000000005
6.461847389558233,6.2
6.598393574297189,6.4
6.734939759036144,6.2
6.871485943775101,6.2
7.008032128514056,6.4
7.144578313253012,6.0
7.281124497991968,6.2
7.4176706827309244,6.0
7.554216867469879,6.0
7.690763052208835,5.800000000000001
7.827309236947793,6.0
7.9638554216867465,5.800000000000001
8.100401606425704,5.6000000000000005
8.23694779116466,5.800000000000001
8.373493975903614,5.4
8.51004016064257,5.4
8.646586345381527,5.6000000000000005
8.783132530120481,5.4
8.919678714859439,5.2
9.056224899598394,5.4
9.192771084337348,5.4
9.329317269076306,5.4
9.465863453815262,5.0
9.602409638554215,5.2
9.738955823293173,5.0
9.875502008032129,5.0
10.012048192771083,4.800000000000001
10.14859437751004,4.800000000000001
10.285140562248996,4.6000000000000005
10.421686746987953,4.6000000000000005
10.558232931726907,4.6000000000000005
10.694779116465863,4.6000000000000005
10.83132530120482,4.6000000000000005
10.967871485943775,4.6000000000000005
11.10441767068273,4.6000000000000005
11.240963855421688,4.6000000000000005
11.377510040160642,4.4
11.514056224899598,4.4
11.650602409638555,4.4
11.78714859437751,4.2
11.923694779116468,4.0
12.060240963855422,4.0
12.196787148594376,4.2
12.333333333333336,4.2
12.46987951807229,4.0
12.606425702811244,4.0
12.742971887550203,4.0
12.879518072289157,3.6
13.01606425702811,3.8000000000000003
13.15261044176707,3.6
13.289156626506024,3.6
13.425702811244978,3.6
13.562248995983937,3.4000000000000004
13.698795180722891,3.8000000000000003
13.835341365461849,3.6
13.971887550200805,3.4000000000000004
14.108433734939759,3.4000000000000004
14.244979919678716,3.4000000000000004
14.381526104417672,3.4000000000000004
14.518072289156626,3.4000000000000004
14.654618473895583,3.4000000000000004
14.791164658634539,3.2
14.927710843373493,3.0
15.06425702811245,3.2
15.200803212851406,3.6
15.33734939759036,3.0
15.473895582329318,3.4000000000000004
15.610441767068274,3.0
15.746987951807231,3.0
15.883534136546185,3.2
16.02008032128514,2.8000000000000003
16.156626506024097,2.8000000000000003
16.293172690763054,2.8000000000000003
16.429718875502008,2.8000000000000003
16.566265060240966,3.0
16.70281124497992,2.8000000000000003
16.839357429718877,2.6
16.97590361445783,2.6
17.11244979919679,3.0
17.248995983935746,2.8000000000000003
17.3855421686747,2.6
17.522088353413654,2.6
17.65863453815261,2.6
17.795180722891565,2.8000000000000003
17.931726907630527,2.4000000000000004
18.06827309236948,2.4000000000000004
18.204819277108435,2.4000000000000004
18.341365461847392,2.6
18.477911646586346,2.4000000000000004
18.6144578313253,2.4000000000000004
18.751004016064257,2.4000000000000004
18.887550200803215,2.4000000000000004
19.02409638554217,2.4000000000000004
19.160642570281126,2.2
19.29718875502008,2.4000000000000004
19.433734939759038,2.2
19.570281124497992,2.4000000000000004
19.70682730923695,2.2
19.843373493975907,2.0
19.97991967871486,2.0
20.116465863453815,2.2
20.253012048192772,2.2
20.389558232931726,2.0
20.526104417670684,2.0
20.66265060240964,2.0
20.799196787148595,2.2
20.93574297188755,2.0
21.072289156626507,2.0
21.20883534136546,2.0
21.345381526104422,1.8
21.481927710843376,2.0
21.61847389558233,2.0
21.755020080321287,2.0
21.89156626506024,1.8
22.028112449799195,2.2
22.164658634538156,1.8
22.30120481927711,1.8
22.437751004016064,2.0
22.574297188755022,1.8
22.710843373493976,2.0
22.847389558232933,1.8
22.98393574297189,1.8
23.120481927710845,1.8
23.257028112449802,1.8
23.393574297188756,1.8
23.53012048192771,1.8
23.666666666666668,1.6
23.803212851405625,1.6
23.93975903614458,1.8
24.076305220883537,1.8
24.21285140562249,1.8
24.349397590361445,1.4000000000000001
24.485943775100402,1.8
24.62248995983936,1.8
24.759036144578317,1.8
24.89558232931727,1.8
25.032128514056225,1.6
25.168674698795183,1.8
25.305220883534137,1.6
25.441767068273094,1.8
25.578313253012052,1.6
25.714859437751006,1.8
25.85140562248996,1.6
25.987951807228917,1.6
26.12449799196787,1.8
26.261044176706825,1.8
26.397590361445786,1.6
26.53413654618474,1.6
26.670682730923698,1.4000000000000001
26.80722891566265,1.6
26.943775100401606,1.8
27.080321285140563,1.6
27.21686746987952,1.4000000000000001
27.353413654618475,1.4000000000000001
27.489959839357432,1.4000000000000001
27.626506024096386,1.4000000000000001
27.76305220883534,1.6
27.899598393574298,1.4000000000000001
28.036144578313255,1.6
28.172690763052213,1.4000000000000001
28.309236947791167,1.4000000000000001
28.44578313253012,1.4000000000000001
28.582329317269078,1.4000000000000001
28.718875502008032,1.4000000000000001
28.85542168674699,1.2000000000000002
28.991967871485947,1.4000000000000001
29.1285140562249,1.4000000000000001
29.265060240963855,1.4000000000000001
29.401606425702813,1.2000000000000002
29.538152610441767,1.4000000000000001
29.674698795180724,1.4000000000000001
29.81124497991968,1.2000000000000002
29.947791164658636,1.2000000000000002
30.084337349397593,1.4000000000000001
30.220883534136547,1.4000000000000001
30.3574297188755,1.4000000000000001
30.493975903614462,1.2000000000000002
30.630522088353416,1.4000000000000001
30.76706827309237,1.4000000000000001
30.903614457831328,1.2000000000000002
31.04016064257028,1.4000000000000001
31.176706827309236,1.2000000000000002
31.313253012048197,1.2000000000000002
31.44979919678715,1.4000000000000001
31.586345381526105,1.4000000000000001
31.72289156626506,1.2000000000000002
31.859437751004013,1.2000000000000002
31.995983935742974,1.4000000000000001
32.13253012048193,1.2000000000000002
32.269076305220885,1.2000000000000002
32.40562248995984,1.2000000000000002
32.5421686746988,1.4000000000000001
32.678714859437754,1.2000000000000002
32.81526104417671,1.2000000000000002
32.95180722891566,1.0
33.088353413654616,1.2000000000000002
33.22489959839357,1.2000000000000002
33.36144578313253,1.2000000000000002
33.49799196787149,1.2000000000000002
33.634538152610446,1.2000000000000002
33.7710843373494,1.2000000000000002
33.907630522088354,1.2000000000000002
34.04417670682731,1.2000000000000002
34.18072289156627,1.2000000000000002
34.31726907630522,1.2000000000000002
34.45381526104418,1.2000000000000002
34.59036144578313,1.2000000000000002
34.726907630522085,1.2000000000000002
34.863453815261046,1.2000000000000002
35.0,1.2000000000000002
